1
1
1
2
1
1
1
1
0
0
-1
-1
-2
-2
-2
-2
-2
-2
-1
-1
0
0
0
1
1
1
1
1
0
0
0
-1
-1
-2
-2
-2
-2
-3
-3
-3
-2
-2
-2
-2
-2
-2
-1
0
2
5
7
7
4
-1
-7
-13
-16
-14
-6
5
17
27
32
28
16
-4
-27
-50
-68
-78
-78
-68
-48
-22
6
33
55
69
73
67
51
27
-1
-31
-60
-84
-101
-109
-108
-96
-76
-48
-13
24
63
101
135
163
184
196
200
194
181
161
134
103
69
34
-3
-38
-71
-102
-128
-151
-168
-180
-187
-188
-184
-176
-163
-146
-126
-103
-77
-51
-24
3
28
52
74
92
107
118
125
128
127
123
116
106
94
80
65
49
32
15
-1
-16
-29
-41
-51
-58
-63
-65
-66
-64
-61
-56
-50
-44
-37
-30
-24
-17
-11
-6
-1
3
7
10
12
15
16
18
19
20
21
21
21
21
21
20
19
17
15
13
11
8
5
2
-1
-5
-8
-11
-14
-16
-18
-20
-21
-21
-20
-19
-17
-14
-11
-7
-4
0
3
6
8
10
11
11
10
10
8
7
5
4
2
1
0
0
0
0
0
0
1
1
2
2
2
1
1
0
0
-1
-2
-3
-3
-4
-5
-6
-6
-7
-7
-7
-6
-5
