0
0
0
0
0
0
0
0
0
0
-1
-1
-1
-1
-1
-1
-1
-1
-1
-1
0
0
0
0
0
0
0
0
0
0
0
-1
-1
-1
-1
-1
-1
-1
-1
-1
-1
-1
-1
-1
-1
-1
-1
0
0
1
1
1
1
-1
-2
-4
-4
-4
-2
1
4
6
8
7
4
-1
-7
-13
-17
-20
-20
-17
-12
-6
1
8
13
17
18
16
12
6
-1
-8
-15
-21
-26
-28
-27
-24
-19
-12
-4
6
15
25
33
40
46
49
50
48
45
40
33
25
17
8
-1
-10
-18
-26
-32
-38
-42
-45
-47
-47
-46
-44
-41
-37
-32
-26
-20
-13
-6
0
7
13
18
23
26
29
31
32
31
30
29
26
23
20
16
12
8
3
-1
-4
-8
-11
-13
-15
-16
-17
-17
-16
-16
-14
-13
-11
-10
-8
-6
-5
-3
-2
-1
0
1
2
3
3
4
4
4
5
5
5
5
5
5
5
4
4
3
3
2
2
1
0
-1
-2
-2
-3
-4
-4
-5
-5
-6
-6
-5
-5
-5
-4
-3
-2
-1
0
0
1
2
2
2
2
2
2
2
1
1
1
0
0
0
0
0
0
0
0
0
0
0
0
0
0
0
0
0
-1
-1
-1
-1
-1
-2
-2
-2
-2
-2
-2
-2
-2
