3
4
4
5
4
4
3
2
1
0
-2
-3
-4
-5
-5
-5
-5
-4
-3
-2
0
1
2
3
3
3
3
3
2
1
0
-1
-2
-3
-4
-5
-5
-6
-6
-6
-5
-4
-4
-3
-3
-3
-2
1
7
13
17
17
11
-2
-18
-32
-39
-33
-15
13
44
69
80
70
40
-9
-67
-124
-170
-195
-195
-169
-120
-55
16
84
138
173
183
167
128
69
-2
-77
-148
-208
-251
-272
-269
-240
-189
-118
-33
62
159
253
338
408
460
491
500
487
454
403
337
259
174
85
-6
-94
-178
-254
-320
-376
-419
-449
-466
-469
-460
-439
-407
-364
-314
-256
-193
-127
-59
8
72
132
185
230
267
295
312
320
319
309
291
266
236
201
163
122
81
39
-1
-38
-72
-102
-126
-144
-157
-163
-164
-159
-151
-139
-125
-109
-92
-75
-58
-42
-28
-14
-2
8
18
25
32
37
42
45
48
51
53
54
54
54
53
51
48
44
39
33
27
20
13
5
-3
-11
-19
-27
-34
-40
-45
-49
-51
-51
-50
-46
-41
-34
-26
-17
-8
0
8
15
21
25
27
28
27
25
22
18
14
10
6
3
1
0
0
0
1
2
3
4
5
5
5
4
3
2
0
-2
-4
-6
-8
-10
-12
-14
-15
-16
-16
-16
-14
-12
