0
0
0
1
0
0
0
0
0
0
-1
-1
-1
-1
-1
-1
-1
-1
-1
-1
0
0
0
0
0
0
0
0
0
0
0
-1
-1
-1
-1
-1
-1
-2
-2
-2
-1
-1
-1
-1
-1
-1
-1
0
1
2
3
3
2
-1
-4
-7
-8
-7
-3
2
8
13
16
14
8
-2
-14
-25
-34
-39
-39
-34
-24
-11
3
16
27
34
36
33
25
13
-1
-16
-30
-42
-51
-55
-54
-48
-38
-24
-7
12
31
50
67
81
92
98
100
97
90
80
67
51
34
17
-2
-19
-36
-51
-64
-76
-84
-90
-94
-94
-92
-88
-82
-73
-63
-52
-39
-26
-12
1
14
26
37
46
53
59
62
64
63
61
58
53
47
40
32
24
16
7
-1
-8
-15
-21
-26
-29
-32
-33
-33
-32
-31
-28
-25
-22
-19
-15
-12
-9
-6
-3
-1
1
3
5
6
7
8
9
9
10
10
10
10
10
10
10
9
8
7
6
5
4
2
1
-1
-3
-4
-6
-7
-8
-9
-10
-11
-11
-10
-10
-9
-7
-6
-4
-2
0
1
3
4
5
5
5
5
5
4
3
2
2
1
0
0
0
0
0
0
0
0
0
1
1
1
0
0
0
0
-1
-1
-2
-2
-2
-3
-3
-3
-4
-4
-4
-3
-3
