0
0
0
0
0
0
0
0
0
0
-1
-1
-1
-1
-1
-1
-1
-1
-1
-1
0
0
0
0
0
0
0
0
0
0
0
-1
-1
-1
-1
-1
-1
-1
-1
-1
-1
-1
-1
-1
-1
-1
-1
0
0
0
0
0
0
-1
-1
-2
-2
-2
-1
0
1
2
3
2
1
-1
-3
-5
-7
-8
-8
-7
-5
-3
0
3
5
6
7
6
5
2
-1
-4
-6
-9
-11
-11
-11
-10
-8
-5
-2
2
6
10
13
16
18
19
20
19
18
16
13
10
6
3
-1
-4
-8
-11
-13
-16
-17
-18
-19
-19
-19
-18
-17
-15
-13
-11
-8
-6
-3
0
2
5
7
9
10
11
12
12
12
12
11
10
9
8
6
4
3
1
-1
-2
-3
-5
-6
-6
-7
-7
-7
-7
-7
-6
-5
-5
-4
-3
-3
-2
-2
-1
-1
0
0
1
1
1
1
1
1
2
2
2
2
2
2
2
1
1
1
1
1
0
0
0
-1
-1
-1
-2
-2
-2
-2
-2
-3
-3
-2
-2
-2
-2
-2
-1
-1
0
0
0
0
1
1
1
1
1
0
0
0
0
0
0
0
0
0
0
0
0
0
0
0
0
0
0
0
0
0
-1
-1
-1
-1
-1
-1
-1
-1
-1
-1
-1
-1
-1
